1392022015780
1392022015780
1392022015780
1392022015780
1392022015780
1392022015797
1392022013434
1392022013434
1392022007471
1392022013465
1392022007471
1392022013441
1392022013434
1392022013441
1392022015612
1392022013434
1392022013441
1392022015612
1392022013441
1392022013410
1392022013441
1392022013441
1392022015612
1392022015612
1392022015612
1392022015612
1392022015612
1392022015612
1392022013434
1392022007471
1392022007471
1392022007471
1392022007471
1392022007471
1392022007471
1392022007471
1392022007471
1392022013434
1392022007341
1392022007471
1392022013434
1392022013441
1392022015612
1392022004678
1392388001106
1392022013434
1392022010457
1392022013441
1392022013441
1392022013427
1392022015544
1392022004678
1392022013465
1392022013441
1392022015513
1392022007242
1392022013434
1392022006092
1392022015513
1392022013434
1392022013434
1392022013434
1392022013434
1392022013434
1392022013465
1392022013465
1392022013465
1392022013465
1392022013465
1392022013465
1392022013465
1392022013465
1392022013465
1392022013465
1392022013465
1392022013465
1392022013465
1392022013465
1392022013465
1392022013465
1392022013465
1392022013465
1392022013465
1392022013465
1392022013465
1392022013465
1392022013434
1392022013465
1392022013465
1392022013465
1392022013465
1392022013465
1392022013465
1392022013465
1392022013465
1392022013465
1392022013434
1392022013434
1392022013434
1392022007242
1392022013434
1392022013434
1392022013434
1392022013465
1392022013434
1392022013434
1392022013434
1392022007242
1392022013465
1392022013465
1392022013434
1392022013434
1392022013434
1392022013410
1392022013410
1392022013410
1392022013434
1392022013434
1392022013465
1392022013465
1392022013465
1392022013465
1392022013427
1392022013434
1392022013434
1392022006979
1392022013465
1392022013465
1392022013465
1392022013434
1392022013465
1392022013465
1392022013465
1392022013465
1392022013434
1392022013465
1392022011782
1392022006979
1392022013465
1392022013465
1392022013410
1392022006979
1392022013465
1392022013465
1392022013434
1392022013434
1392022013427
1392022013465
1392022007266
1392022013465
1392022013465
1392022013465
1392022013465
1392022013465
1392022013465
1392022013434
1392022013434
1392022013434
1392022013427
1392022013434
1392022013434
1392022013434
1392022013434
1392022013434
1392022013434
1392022013434
1392022013434
1392022013434
1392022013434
1392022013434
1392022013434
1392022013434
1392022013427
1392022013434
1392022013465
1392022013465
1392022013465
1392022013465
1392022013465
1392022013465
1392022013465
1392022013465
1392022013465
1392022013465
1392022013465
1392022007242
1392022012000
1392022013465
1392022013434
1392022013434
1392022013427
1392022013465
1392022013434
1392022013434
1392022013434
1392022013076
1392022007471
1392022007471
1392022007471
1392022013076
1392022013076
1392022004678
1392022007341
1392022013076
1392022007464
1392022007501
1392022013076
1392022001974
1392022002001
1392022001974
1392022001974
1392022004678
1392022007464
1392022014356
1392022014356
1392022013465
1392022013465
1392022007471
1392022004678
1392022004661
1392022004678
1392022004661
1392022004678
1392022004661
1392022007341
1392022013076
1392022007464
1392022014356
1392022007471
1392022013076
1392022015513
1392022013410
1392022015520
1392022006979
1392022006863
1392022007457
1392022007457
1392022007457
1392022007457
1392022015520
1392022006863
1392022006863
1392022004678
1392022015544
1392022007464
1392022010457
1392022010457
1392022010457
1392022010457
1392022010457
1392022010457
1392022010457
1392022010457
1392022015513
1392022015513
1392022015513
1392022007457
1392022013441
1392022013441
1392022013441
1392022013441
1392022013441
1392022007471
1392022007471
1392022007471
1392022007471
1392022007471
1392022007471
1392022007471
1392022007471
1392022007471
1392022007471
1392022007471
1392022007471
1392022007471
1392022007471
1392022007471
1392022007471
1392022007471
1392022007471
1392022007471
1392022007471
1392022007471
1392022007471
1392022007471
1392022007471
1392022007471
1392022007471
1392022007471
1392022007464
1392022007471
1392022015612
1392022015612
1392022007464
1392022015858
1392022006627
1392022001813
1392022005903
1392022015728
1392022008119
1392022010174
1392022015704
1392022015704
1392022015704
1392022015704
1392022015704
1392022015704
1392022015704
1392022015704
1392022015704
1392022015704
1392022015896
1392388000895
9322408004857
1392022015834
1392022015889
1392022015889
1392022015889
1392022015889
1392022015889
1392022015889
1392022015889
1392022015889
1392022015889
1392022015889
1392022015834
1392022015834
